(0, 0, 21), (14, 0, 21)
(7, 0, 9), (17, 0, 9), (18, 0, 9)
(7, 0, 12), (17, 0, 12)
(0, 1, 21), (14, 1, 21)
(0, 2, 4), (0, 8, 10), (9, 5, 7), (10, 14, 16), (14, 2, 4), (14, 8, 10), (14, 22, 24)
(0, 2, 21), (14, 2, 21)
(0, 8, 21), (14, 8, 21)
(0, 17, 19), (14, 17, 19), (16, 1, 3)
(0, 17, 21), (14, 17, 21)
(2, 1, 3), (9, 16, 18), (10, 1, 3), (11, 4, 6), (12, 1, 3), (13, 5, 7), (15, 1, 3), (18, 14, 16), (19, 1, 3), (20, 1, 3)
(9, 16, 21), (11, 4, 9)
(10, 1, 4), (18, 14, 17)
(12, 1, 5), (13, 5, 9), (15, 1, 5)
(13, 5, 15), (15, 1, 11)
(11, 1, 3), (20, 7, 9)
(0, 4, 6), (3, 10, 12), (10, 10, 12), (14, 4, 6), (14, 24, 26), (16, 5, 7)
(0, 4, 7), (3, 10, 13), (10, 10, 13), (14, 4, 7), (14, 24, 27)
(0, 4, 10), (10, 10, 16), (14, 4, 10)
(0, 4, 21), (14, 4, 21)
(6, 2, 4), (7, 4, 6), (14, 33, 35), (15, 11, 13), (17, 4, 6), (18, 4, 6), (21, 2, 4), (22, 11, 13)
(6, 2, 5), (7, 4, 7), (14, 33, 36), (17, 4, 7), (18, 4, 7), (21, 2, 5), (22, 11, 14)
(6, 2, 6), (7, 4, 8), (14, 33, 37), (17, 4, 8), (18, 4, 8)
(7, 4, 9), (14, 33, 38), (17, 4, 9), (18, 4, 9)
(7, 4, 12), (17, 4, 12)
(21, 2, 7), (22, 11, 16)
(13, 9, 15), (15, 5, 11)
(0, 10, 21), (14, 10, 21)
(1, 16, 18), (3, 3, 5), (13, 14, 16), (15, 14, 16)
(3, 3, 6), (13, 14, 17), (15, 14, 17)
(4, 1, 3), (6, 1, 3), (7, 3, 5), (14, 32, 34), (15, 10, 12), (17, 3, 5), (18, 3, 5), (21, 1, 3), (22, 10, 12)
(6, 1, 4), (7, 3, 6), (14, 32, 35), (15, 10, 13), (17, 3, 6), (18, 3, 6), (21, 1, 4), (22, 10, 13)
(6, 1, 5), (7, 3, 7), (14, 32, 36), (17, 3, 7), (18, 3, 7), (21, 1, 5), (22, 10, 14)
(6, 1, 6), (7, 3, 8), (14, 32, 37), (17, 3, 8), (18, 3, 8)
(7, 3, 9), (14, 32, 38), (17, 3, 9), (18, 3, 9)
(7, 3, 12), (17, 3, 12)
(21, 1, 7), (22, 10, 16)
(5, 0, 2), (12, 0, 2), (13, 4, 6), (15, 0, 2), (16, 0, 2), (22, 0, 2)
(12, 0, 5), (13, 4, 9), (15, 0, 5)
(13, 4, 15), (15, 0, 11)
(3, 4, 6), (13, 15, 17), (15, 15, 17)
(13, 11, 15), (15, 7, 11)
(0, 3, 5), (3, 9, 11), (10, 9, 11), (13, 8, 10), (14, 3, 5), (14, 23, 25), (15, 4, 6)
(0, 3, 7), (3, 9, 13), (10, 9, 13), (14, 3, 7), (14, 23, 27)
(0, 3, 10), (10, 9, 16), (14, 3, 10)
(0, 3, 21), (14, 3, 21)
(13, 8, 15), (15, 4, 11)
(0, 9, 21), (14, 9, 21)
(4, 0, 2), (6, 0, 2), (7, 2, 4), (9, 6, 8), (13, 13, 15), (15, 9, 11), (17, 2, 4), (18, 2, 4), (21, 0, 2), (22, 9, 11)
(4, 0, 3), (6, 0, 3), (7, 2, 5), (15, 9, 12), (17, 2, 5), (18, 2, 5), (21, 0, 3), (22, 9, 12)
(6, 0, 4), (7, 2, 6), (15, 9, 13), (17, 2, 6), (18, 2, 6), (21, 0, 4), (22, 9, 13)
(6, 0, 5), (7, 2, 7), (17, 2, 7), (18, 2, 7), (21, 0, 5), (22, 9, 14)
(6, 0, 6), (7, 2, 8), (17, 2, 8), (18, 2, 8)
(7, 2, 9), (17, 2, 9), (18, 2, 9)
(7, 2, 12), (17, 2, 12)
(21, 0, 7), (22, 9, 16)
(0, 18, 21), (14, 18, 21)
(1, 11, 14), (9, 17, 20), (11, 5, 8)
(9, 17, 21), (11, 5, 9)
(10, 2, 4), (18, 15, 17)
(12, 2, 5), (13, 6, 9), (15, 2, 5)
(13, 6, 15), (15, 2, 11)
(3, 18, 20), (18, 19, 21)
(0, 5, 7), (0, 14, 16), (3, 11, 13), (6, 4, 6), (7, 6, 8), (7, 9, 11), (9, 13, 15), (10, 11, 13), (14, 5, 7), (14, 14, 16), (14, 25, 27), (14, 35, 37), (17, 6, 8), (17, 9, 11), (18, 6, 8), (22, 3, 5)
(0, 5, 8), (0, 14, 17), (7, 9, 12), (9, 13, 16), (10, 11, 14), (14, 5, 8), (14, 14, 17), (14, 25, 28), (17, 9, 12), (22, 3, 6)
(0, 5, 9), (0, 14, 18), (7, 9, 13), (9, 13, 17), (10, 11, 15), (14, 5, 9), (14, 14, 18)
(0, 5, 10), (10, 11, 16), (14, 5, 10)
(0, 5, 21), (14, 5, 21)
(0, 14, 21), (14, 14, 21)
(14, 25, 29), (17, 9, 13), (22, 3, 7)
(3, 11, 14), (7, 6, 9), (14, 35, 38), (17, 6, 9), (18, 6, 9)
(7, 6, 12), (17, 6, 12)
(16, 6, 8), (21, 4, 6), (22, 13, 15)
(21, 4, 7), (22, 13, 16)
(0, 7, 9), (0, 16, 18), (2, 0, 2), (7, 11, 13), (9, 15, 17), (10, 0, 2), (10, 13, 15), (11, 0, 2), (14, 7, 9), (14, 16, 18), (18, 13, 15), (19, 0, 2), (20, 0, 2)
(0, 7, 10), (10, 13, 16), (14, 7, 10)
(0, 7, 21), (14, 7, 21)
(0, 16, 21), (14, 16, 21)
(2, 0, 3), (9, 15, 18), (10, 0, 3), (18, 13, 16), (19, 0, 3), (20, 0, 3)
(10, 0, 4), (18, 13, 17)
(1, 6, 8), (14, 27, 29), (17, 11, 13), (22, 5, 7)
(1, 15, 17), (9, 20, 22), (15, 13, 15)
(1, 15, 18), (15, 13, 16)
(13, 10, 15), (15, 6, 11)
(1, 5, 7), (1, 14, 16), (9, 19, 21), (11, 7, 9), (14, 37, 39), (15, 12, 14)
(1, 14, 17), (9, 19, 22), (15, 12, 15)
(1, 14, 18), (15, 12, 16)
(1, 13, 15), (3, 13, 15)
(6, 3, 5), (7, 5, 7), (7, 8, 10), (14, 34, 36), (17, 5, 7), (17, 8, 10), (18, 5, 7), (21, 3, 5), (22, 12, 14)
(6, 3, 6), (7, 5, 8), (7, 8, 11), (14, 34, 37), (17, 5, 8), (17, 8, 11), (18, 5, 8)
(7, 5, 9), (14, 34, 38), (17, 5, 9), (18, 5, 9)
(7, 5, 12), (17, 5, 12)
(7, 8, 12), (17, 8, 12)
(21, 3, 7), (22, 12, 16)
(18, 8, 11), (22, 18, 21)
(4, 3, 5), (13, 0, 2)
(18, 9, 11), (22, 19, 21)
(0, 6, 8), (0, 15, 17), (7, 10, 12), (9, 14, 16), (10, 12, 14), (14, 6, 8), (14, 15, 17), (14, 26, 28), (17, 10, 12), (22, 4, 6)
(0, 6, 9), (0, 15, 18), (7, 10, 13), (9, 14, 17), (10, 12, 15), (14, 6, 9), (14, 15, 18)
(0, 6, 10), (10, 12, 16), (14, 6, 10)
(0, 6, 21), (14, 6, 21)
(0, 15, 21), (14, 15, 21)
(14, 26, 29), (17, 10, 13), (22, 4, 7)
(0, 13, 21), (14, 13, 21)
(1, 4, 6), (1, 12, 14), (3, 12, 14), (7, 7, 9), (9, 18, 20), (11, 6, 8), (14, 36, 38), (17, 7, 9), (18, 7, 9)
(1, 4, 7), (9, 18, 21), (11, 6, 9), (14, 36, 39)
(1, 12, 15), (3, 12, 15)
(7, 7, 12), (17, 7, 12)
(3, 17, 20), (18, 18, 21)
(3, 8, 10), (10, 8, 10), (12, 3, 5), (13, 7, 9), (15, 3, 5), (18, 21, 23), (20, 5, 7)
(3, 8, 11), (10, 8, 11), (13, 7, 10), (15, 3, 6)
(3, 8, 13), (10, 8, 13)
(13, 7, 15), (15, 3, 11)
(15, 16, 18), (21, 5, 7), (22, 14, 16)
(18, 11, 13), (22, 16, 18)
(0, 11, 21), (14, 11, 21)
(0, 19, 21), (14, 19, 21)
(0, 12, 14), (1, 3, 5), (14, 12, 14)
(0, 12, 21), (14, 12, 21)
(4, 4, 6), (10, 17, 19)
(9, 4, 6), (11, 3, 5)
(10, 7, 10), (18, 20, 23)
(7, 1, 7), (17, 1, 7), (18, 1, 7), (22, 8, 14)
(7, 1, 9), (17, 1, 9), (18, 1, 9)
(7, 1, 12), (17, 1, 12)
(13, 12, 15), (15, 8, 11)
