(12, 1, 5), (13, 5, 9), (15, 1, 5)
(0, 4, 7), (3, 10, 13), (10, 10, 13), (14, 4, 7), (14, 24, 27)
(0, 4, 10), (10, 10, 16), (14, 4, 10)
(6, 2, 5), (7, 4, 7), (14, 33, 36), (17, 4, 7), (18, 4, 7), (21, 2, 5), (22, 11, 14)
(6, 2, 6), (7, 4, 8), (14, 33, 37), (17, 4, 8), (18, 4, 8)
(7, 4, 9), (14, 33, 38), (17, 4, 9), (18, 4, 9)
(6, 1, 4), (7, 3, 6), (14, 32, 35), (15, 10, 13), (17, 3, 6), (18, 3, 6), (21, 1, 4), (22, 10, 13)
(6, 1, 5), (7, 3, 7), (14, 32, 36), (17, 3, 7), (18, 3, 7), (21, 1, 5), (22, 10, 14)
(6, 1, 6), (7, 3, 8), (14, 32, 37), (17, 3, 8), (18, 3, 8)
(12, 0, 5), (13, 4, 9), (15, 0, 5)
(0, 3, 7), (3, 9, 13), (10, 9, 13), (14, 3, 7), (14, 23, 27)
(0, 3, 10), (10, 9, 16), (14, 3, 10)
(4, 0, 3), (6, 0, 3), (7, 2, 5), (15, 9, 12), (17, 2, 5), (18, 2, 5), (21, 0, 3), (22, 9, 12)
(6, 0, 4), (7, 2, 6), (15, 9, 13), (17, 2, 6), (18, 2, 6), (21, 0, 4), (22, 9, 13)
(6, 0, 5), (7, 2, 7), (17, 2, 7), (18, 2, 7), (21, 0, 5), (22, 9, 14)
(1, 11, 14), (9, 17, 20), (11, 5, 8)
(12, 2, 5), (13, 6, 9), (15, 2, 5)
(0, 5, 8), (0, 14, 17), (7, 9, 12), (9, 13, 16), (10, 11, 14), (14, 5, 8), (14, 14, 17), (14, 25, 28), (17, 9, 12), (22, 3, 6)
(0, 5, 9), (0, 14, 18), (7, 9, 13), (9, 13, 17), (10, 11, 15), (14, 5, 9), (14, 14, 18)
(0, 5, 10), (10, 11, 16), (14, 5, 10)
(3, 11, 14), (7, 6, 9), (14, 35, 38), (17, 6, 9), (18, 6, 9)
(0, 7, 10), (10, 13, 16), (14, 7, 10)
(2, 0, 3), (9, 15, 18), (10, 0, 3), (18, 13, 16), (19, 0, 3), (20, 0, 3)
(1, 14, 17), (9, 19, 22), (15, 12, 15)
(6, 3, 6), (7, 5, 8), (7, 8, 11), (14, 34, 37), (17, 5, 8), (17, 8, 11), (18, 5, 8)
(7, 5, 9), (14, 34, 38), (17, 5, 9), (18, 5, 9)
(0, 6, 9), (0, 15, 18), (7, 10, 13), (9, 14, 17), (10, 12, 15), (14, 6, 9), (14, 15, 18)
(0, 6, 10), (10, 12, 16), (14, 6, 10)
(1, 4, 7), (9, 18, 21), (11, 6, 9), (14, 36, 39)
(3, 8, 11), (10, 8, 11), (13, 7, 10), (15, 3, 6)
