(0, 0, 21), (14, 0, 21)
(7, 0, 9), (17, 0, 9), (18, 0, 9)
(7, 0, 12), (17, 0, 12)
(0, 1, 21), (14, 1, 21)
(0, 2, 21), (14, 2, 21)
(0, 8, 21), (14, 8, 21)
(13, 5, 15), (15, 1, 11)
(0, 4, 21), (14, 4, 21)
(7, 4, 12), (17, 4, 12)
(13, 9, 15), (15, 5, 11)
(0, 10, 21), (14, 10, 21)
(7, 3, 9), (14, 32, 38), (17, 3, 9), (18, 3, 9)
(7, 3, 12), (17, 3, 12)
(21, 1, 7), (22, 10, 16)
(13, 4, 15), (15, 0, 11)
(0, 3, 21), (14, 3, 21)
(13, 8, 15), (15, 4, 11)
(0, 9, 21), (14, 9, 21)
(6, 0, 6), (7, 2, 8), (17, 2, 8), (18, 2, 8)
(7, 2, 9), (17, 2, 9), (18, 2, 9)
(7, 2, 12), (17, 2, 12)
(21, 0, 7), (22, 9, 16)
(13, 6, 15), (15, 2, 11)
(0, 5, 21), (14, 5, 21)
(0, 14, 21), (14, 14, 21)
(7, 6, 12), (17, 6, 12)
(0, 7, 21), (14, 7, 21)
(7, 5, 12), (17, 5, 12)
(0, 6, 21), (14, 6, 21)
(0, 15, 21), (14, 15, 21)
(0, 13, 21), (14, 13, 21)
(13, 7, 15), (15, 3, 11)
(0, 11, 21), (14, 11, 21)
(0, 12, 21), (14, 12, 21)
(7, 1, 7), (17, 1, 7), (18, 1, 7), (22, 8, 14)
(7, 1, 9), (17, 1, 9), (18, 1, 9)
(7, 1, 12), (17, 1, 12)
